2 100
8
100 5 3
0 1 80 50
1 3 70 20
3 4 20 10
300 200 1 2 -1
300 200 0 4 80
200 0 2 20 30
200 2 1 40 40
200 1 3 10 60
300 120 0 4 120
300 100 0 4 140
30
100 10 20
3 6 42 63
8 1 76 5
7 5 54 11
2 9 8 57
0 7 46 55
6 0 76 1
5 4 54 35
1 2 84 57
9 3 90 15
4 8 8 57
9 2 77 10
1 0 9 58
2 7 6 87
3 8 91 76
9 6 71 88
0 1 58 31
5 4 55 64
2 1 76 25
0 5 24 13
7 6 77 82
300 285 9 4 137
200 5 2 15 4
200 5 0 77 38
200 3 2 75 40
200 1 6 77 14
200 0 9 62 55
300 252 8 5 76
200 6 9 52 1
300 252 8 5 76
200 6 9 52 1
300 252 8 5 76
200 4 9 2 67
200 8 5 44 73
200 0 3 70 67
200 5 6 31 64
200 9 0 81 18
200 7 8 67 100
200 9 8 81 42
200 6 1 6 47
200 4 7 74 59
200 4 3 100 89
300 92 4 3 82
200 6 7 72 29
200 1 2 41 26
200 6 3 34 43
200 4 5 48 21
300 267 4 9 67
200 8 5 64 17
200 8 3 44 37
200 3 0 15 28
300 130 7 0 153